{
  "GameObjects": [
    {
      "Components": [
        {
          "Name": "Transform",
          "Transformation Matrix": [
            1.0,
            0.0,
            0.0,
            0.0,
            0.0,
            1.0,
            0.0,
            0.0,
            0.0,
            0.0,
            1.0,
            0.0,
            0.0,
            0.0,
            0.0,
            1.0
          ],
          "Type": 0,
          "UID": 862431204
        },
        {
          "Aspect": 1.772455096244812,
          "CameraType": 0,
          "FOV": 65.0,
          "Name": "Camera",
          "ParentUID": 0,
          "Pitch": 0.0,
          "PrimaryCamera": false,
          "Size": 200.0,
          "Type": 1,
          "UID": 1834822783,
          "Yaw": 0.0,
          "zFar": 3000.0,
          "zNear": 0.1
        }
      ],
      "Enabled": true,
      "HasTransparency": false,
      "Keeped": false,
      "Name": "mainCamera",
      "ParentUID": 7602275,
      "Static": false,
      "UID": 0
    },
    {
      "Components": [
        {
          "Name": "Transform",
          "Transformation Matrix": [
            1.0,
            0.0,
            0.0,
            0.0,
            0.0,
            1.0,
            0.0,
            0.0,
            0.0,
            0.0,
            1.0,
            0.0,
            0.0,
            0.0,
            0.0,
            1.0
          ],
          "Type": 0,
          "UID": 2512047392
        }
      ],
      "Enabled": true,
      "GameObjects": [
        {
          "Components": [
            {
              "Name": "Transform",
              "Transformation Matrix": [
                -0.07760026305913925,
                0.0,
                1.5180176496505737,
                0.0,
                0.0,
                1.5199999809265137,
                0.0,
                0.0,
                -1.5180176496505737,
                0.0,
                -0.07760026305913925,
                0.0,
                -366.9046630859375,
                0.0,
                -306.2331848144531,
                1.0
              ],
              "Type": 0,
              "UID": 1143762697
            },
            {
              "Active": true,
              "DrawAABB": true,
              "DrawChecker": false,
              "DrawNormalsFaces": false,
              "DrawNormalsVerts": false,
              "DrawOBB": false,
              "DrawWireframe": false,
              "MaterialPath": "Library/Materials/SM_CaveEntrance/M_Cave.toematerial",
              "MeshPath": "Library/Meshes/SM_CaveEntrance/SM_CaveEntrance.mesh",
              "MeshType": 0,
              "Name": "Mesh",
              "ParentUID": 7602275,
              "Type": 2,
              "UID": 3211795036
            }
          ],
          "Enabled": true,
          "HasTransparency": false,
          "Keeped": false,
          "Name": "SM_CaveEntrance2",
          "ParentUID": 7602275,
          "Static": false,
          "UID": 7602275
        },
        {
          "Components": [
            {
              "Name": "Transform",
              "Transformation Matrix": [
                -0.06500009447336197,
                0.0,
                -1.5186095237731934,
                0.0,
                0.0,
                1.5199999809265137,
                0.0,
                0.0,
                1.5186095237731934,
                0.0,
                -0.06500009447336197,
                0.0,
                448.9805603027344,
                0.0,
                253.34034729003906,
                1.0
              ],
              "Type": 0,
              "UID": 1062734737
            },
            {
              "Active": true,
              "DrawAABB": true,
              "DrawChecker": false,
              "DrawNormalsFaces": false,
              "DrawNormalsVerts": false,
              "DrawOBB": false,
              "DrawWireframe": false,
              "MaterialPath": "Library/Materials/SM_CaveEntrance/M_Cave.toematerial",
              "MeshPath": "Library/Meshes/SM_CaveEntrance/SM_CaveEntrance.mesh",
              "MeshType": 0,
              "Name": "Mesh",
              "ParentUID": 0,
              "Type": 2,
              "UID": 1395071428
            }
          ],
          "Enabled": true,
          "HasTransparency": false,
          "Keeped": false,
          "Name": "SM_CaveEntrance1",
          "ParentUID": 7602275,
          "Static": false,
          "UID": 0
        },
        {
          "Components": [
            {
              "Name": "Transform",
              "Transformation Matrix": [
                0.3669087290763855,
                0.0,
                -0.9302570223808289,
                0.0,
                0.0,
                1.0,
                0.0,
                0.0,
                0.9302570223808289,
                0.0,
                0.3669087290763855,
                0.0,
                -167.69467163085938,
                -20.878122329711914,
                10.886743545532227,
                1.0
              ],
              "Type": 0,
              "UID": 2092455497
            },
            {
              "Active": true,
              "DrawAABB": true,
              "DrawChecker": false,
              "DrawNormalsFaces": false,
              "DrawNormalsVerts": false,
              "DrawOBB": false,
              "DrawWireframe": false,
              "MaterialPath": "Library/Materials/SM_Table/M_Table.toematerial",
              "MeshPath": "Library/Meshes/SM_Table/SM_Table.mesh",
              "MeshType": 0,
              "Name": "Mesh",
              "ParentUID": 7602275,
              "Type": 2,
              "UID": 2450208077
            }
          ],
          "Enabled": true,
          "HasTransparency": false,
          "Keeped": false,
          "Name": "SM_Table3",
          "ParentUID": 7602275,
          "Static": false,
          "UID": 7602275
        },
        {
          "Components": [
            {
              "Name": "Transform",
              "Transformation Matrix": [
                1.0,
                0.0,
                0.0,
                0.0,
                0.0,
                1.0,
                0.0,
                0.0,
                0.0,
                0.0,
                1.0,
                0.0,
                -221.74136352539063,
                -0.000244140625,
                86.6288070678711,
                1.0
              ],
              "Type": 0,
              "UID": 1848115112
            },
            {
              "Active": true,
              "DrawAABB": true,
              "DrawChecker": false,
              "DrawNormalsFaces": false,
              "DrawNormalsVerts": false,
              "DrawOBB": false,
              "DrawWireframe": false,
              "MaterialPath": "Library/Materials/SM_CampFire/M_CampFire.toematerial",
              "MeshPath": "Library/Meshes/SM_CampFire/SM_CampFire.mesh",
              "MeshType": 0,
              "Name": "Mesh",
              "ParentUID": 1040384000,
              "Type": 2,
              "UID": 433222241
            },
            {
              "ColliderType": 0,
              "CollisionType": 2,
              "CornerPivot": true,
              "Height": -1.7976931348623157e+308,
              "Name": "Collider2D",
              "ObjectOrientation": 0,
              "OffsetX": 0.0,
              "OffsetY": 0.0,
              "ParentUID": 1040384000,
              "Radius": 25.0,
              "Type": 5,
              "UID": 1535234240,
              "Width": -1.7976931348623157e+308
            }
          ],
          "Enabled": true,
          "HasTransparency": false,
          "Keeped": false,
          "Name": "SM_CampFire3",
          "ParentUID": 7602275,
          "Static": false,
          "UID": 1040384000
        },
        {
          "Components": [
            {
              "Name": "Transform",
              "Transformation Matrix": [
                0.9419205188751221,
                0.0,
                -0.33583614230155945,
                0.0,
                0.0,
                1.0,
                0.0,
                0.0,
                0.33583614230155945,
                0.0,
                0.9419205188751221,
                0.0,
                222.04722595214844,
                -2.9329901735763997e-05,
                -251.01470947265625,
                1.0
              ],
              "Type": 0,
              "UID": 2216909984
            },
            {
              "Active": true,
              "DrawAABB": true,
              "DrawChecker": false,
              "DrawNormalsFaces": false,
              "DrawNormalsVerts": false,
              "DrawOBB": false,
              "DrawWireframe": false,
              "MaterialPath": "Library/Materials/SM_Wrench/M_Wrench.toematerial",
              "MeshPath": "Library/Meshes/SM_Wrench/SM_Wrench.mesh",
              "MeshType": 0,
              "Name": "Mesh",
              "ParentUID": 7602275,
              "Type": 2,
              "UID": 176689140
            }
          ],
          "Enabled": true,
          "HasTransparency": false,
          "Keeped": false,
          "Name": "SM_Wrench4",
          "ParentUID": 7602275,
          "Static": false,
          "UID": 7602275
        },
        {
          "Components": [
            {
              "Name": "Transform",
              "Transformation Matrix": [
                0.11796372383832932,
                0.0,
                -0.9930179715156555,
                0.0,
                0.0,
                1.0,
                0.0,
                0.0,
                0.9930179715156555,
                0.0,
                0.11796372383832932,
                0.0,
                165.4856414794922,
                0.0,
                -255.69888305664063,
                1.0
              ],
              "Type": 0,
              "UID": 2670394427
            },
            {
              "Active": true,
              "DrawAABB": true,
              "DrawChecker": false,
              "DrawNormalsFaces": false,
              "DrawNormalsVerts": false,
              "DrawOBB": false,
              "DrawWireframe": false,
              "MaterialPath": "Library/Materials/SM_Wrench/M_Wrench.toematerial",
              "MeshPath": "Library/Meshes/SM_Wrench/SM_Wrench.mesh",
              "MeshType": 0,
              "Name": "Mesh",
              "ParentUID": 7602275,
              "Type": 2,
              "UID": 3534651174
            }
          ],
          "Enabled": true,
          "HasTransparency": false,
          "Keeped": false,
          "Name": "SM_Wrench3",
          "ParentUID": 7602275,
          "Static": false,
          "UID": 7602275
        },
        {
          "Components": [
            {
              "Name": "Transform",
              "Transformation Matrix": [
                0.26358044147491455,
                0.0,
                0.9646374583244324,
                0.0,
                0.0,
                1.0,
                0.0,
                0.0,
                -0.9646374583244324,
                0.0,
                0.26358044147491455,
                0.0,
                238.00457763671875,
                0.0,
                -104.4887466430664,
                1.0
              ],
              "Type": 0,
              "UID": 3930330684
            },
            {
              "Active": true,
              "DrawAABB": true,
              "DrawChecker": false,
              "DrawNormalsFaces": false,
              "DrawNormalsVerts": false,
              "DrawOBB": false,
              "DrawWireframe": false,
              "MaterialPath": "Library/Materials/SM_Screwdriver/M_Screwdriver.toematerial",
              "MeshPath": "Library/Meshes/SM_Screwdriver/SM_Screwdriver.mesh",
              "MeshType": 0,
              "Name": "Mesh",
              "ParentUID": 3867493872,
              "Type": 2,
              "UID": 1977651165
            }
          ],
          "Enabled": true,
          "HasTransparency": false,
          "Keeped": false,
          "Name": "SM_Screwdriver3",
          "ParentUID": 7602275,
          "Static": false,
          "UID": 3867493872
        },
        {
          "Components": [
            {
              "Name": "Transform",
              "Transformation Matrix": [
                0.9651914834976196,
                0.0,
                0.2615445554256439,
                0.0,
                0.0,
                1.0,
                0.0,
                0.0,
                -0.2615445554256439,
                0.0,
                0.9651914834976196,
                0.0,
                164.92062377929688,
                0.0,
                -262.4248352050781,
                1.0
              ],
              "Type": 0,
              "UID": 2967656701
            },
            {
              "Active": true,
              "DrawAABB": true,
              "DrawChecker": false,
              "DrawNormalsFaces": false,
              "DrawNormalsVerts": false,
              "DrawOBB": false,
              "DrawWireframe": false,
              "MaterialPath": "Library/Materials/SM_Screwdriver/M_Screwdriver.toematerial",
              "MeshPath": "Library/Meshes/SM_Screwdriver/SM_Screwdriver.mesh",
              "MeshType": 0,
              "Name": "Mesh",
              "ParentUID": 1102577664,
              "Type": 2,
              "UID": 2418615034
            }
          ],
          "Enabled": true,
          "HasTransparency": false,
          "Keeped": false,
          "Name": "SM_Screwdriver2",
          "ParentUID": 7602275,
          "Static": false,
          "UID": 1102577664
        },
        {
          "Components": [
            {
              "Name": "Transform",
              "Transformation Matrix": [
                0.36174750328063965,
                0.0,
                0.9322761297225952,
                0.0,
                0.0,
                1.0,
                0.0,
                0.0,
                -0.9322761297225952,
                0.0,
                0.36174750328063965,
                0.0,
                338.69500732421875,
                0.0,
                109.06959533691406,
                1.0
              ],
              "Type": 0,
              "UID": 1583309651
            },
            {
              "Active": true,
              "DrawAABB": true,
              "DrawChecker": false,
              "DrawNormalsFaces": false,
              "DrawNormalsVerts": false,
              "DrawOBB": false,
              "DrawWireframe": false,
              "MaterialPath": "Library/Materials/SM_Toolbox/M_Toolbox.toematerial",
              "MeshPath": "Library/Meshes/SM_Toolbox/SM_Toolbox.mesh",
              "MeshType": 0,
              "Name": "Mesh",
              "ParentUID": 1102577664,
              "Type": 2,
              "UID": 2874385840
            }
          ],
          "Enabled": true,
          "HasTransparency": false,
          "Keeped": false,
          "Name": "SM_Toolbox3",
          "ParentUID": 7602275,
          "Static": false,
          "UID": 1102577664
        },
        {
          "Components": [
            {
              "Name": "Transform",
              "Transformation Matrix": [
                0.11796372383832932,
                0.0,
                -0.9930179715156555,
                0.0,
                0.0,
                1.0,
                0.0,
                0.0,
                0.9930179715156555,
                0.0,
                0.11796372383832932,
                0.0,
                16.77440071105957,
                0.0,
                -180.05491638183594,
                1.0
              ],
              "Type": 0,
              "UID": 1747244659
            },
            {
              "Active": true,
              "DrawAABB": true,
              "DrawChecker": false,
              "DrawNormalsFaces": false,
              "DrawNormalsVerts": false,
              "DrawOBB": false,
              "DrawWireframe": false,
              "MaterialPath": "Library/Materials/SM_Wrench/M_Wrench.toematerial",
              "MeshPath": "Library/Meshes/SM_Wrench/SM_Wrench.mesh",
              "MeshType": 0,
              "Name": "Mesh",
              "ParentUID": 1006632960,
              "Type": 2,
              "UID": 1321366408
            }
          ],
          "Enabled": true,
          "HasTransparency": false,
          "Keeped": false,
          "Name": "SM_Wrench2",
          "ParentUID": 7602275,
          "Static": false,
          "UID": 1006632960
        },
        {
          "Components": [
            {
              "Name": "Transform",
              "Transformation Matrix": [
                0.9904657602310181,
                0.0,
                0.13776086270809174,
                0.0,
                0.0,
                1.0,
                0.0,
                0.0,
                -0.13776086270809174,
                0.0,
                0.9904657602310181,
                0.0,
                -9.988197326660156,
                -7.586627907585353e-05,
                -4.882192611694336,
                1.0
              ],
              "Type": 0,
              "UID": 1021699264
            },
            {
              "Active": true,
              "DrawAABB": true,
              "DrawChecker": false,
              "DrawNormalsFaces": false,
              "DrawNormalsVerts": false,
              "DrawOBB": false,
              "DrawWireframe": false,
              "MaterialPath": "Library/Materials/SM_Wrench/M_Wrench.toematerial",
              "MeshPath": "Library/Meshes/SM_Wrench/SM_Wrench.mesh",
              "MeshType": 0,
              "Name": "Mesh",
              "ParentUID": 0,
              "Type": 2,
              "UID": 2812188504
            }
          ],
          "Enabled": true,
          "HasTransparency": false,
          "Keeped": false,
          "Name": "SM_Wrench1",
          "ParentUID": 7602275,
          "Static": false,
          "UID": 0
        },
        {
          "Components": [
            {
              "Name": "Transform",
              "Transformation Matrix": [
                0.8325260281562805,
                0.0,
                0.5539860129356384,
                0.0,
                0.0,
                1.0,
                0.0,
                0.0,
                -0.5539860129356384,
                0.0,
                0.8325260281562805,
                0.0,
                226.79754638671875,
                0.0,
                -125.93672180175781,
                1.0
              ],
              "Type": 0,
              "UID": 2518900476
            },
            {
              "Active": true,
              "DrawAABB": true,
              "DrawChecker": false,
              "DrawNormalsFaces": false,
              "DrawNormalsVerts": false,
              "DrawOBB": false,
              "DrawWireframe": false,
              "MaterialPath": "Library/Materials/SM_Screwdriver/M_Screwdriver.toematerial",
              "MeshPath": "Library/Meshes/SM_Screwdriver/SM_Screwdriver.mesh",
              "MeshType": 0,
              "Name": "Mesh",
              "ParentUID": 3869581072,
              "Type": 2,
              "UID": 3786670154
            }
          ],
          "Enabled": true,
          "HasTransparency": false,
          "Keeped": false,
          "Name": "SM_Screwdriver1",
          "ParentUID": 7602275,
          "Static": false,
          "UID": 3869581072
        },
        {
          "Components": [
            {
              "Name": "Transform",
              "Transformation Matrix": [
                0.9123263955116272,
                0.0,
                -0.4094638526439667,
                0.0,
                0.0,
                1.0,
                0.0,
                0.0,
                0.4094638526439667,
                0.0,
                0.9123263955116272,
                0.0,
                90.30982971191406,
                0.0001446366950403899,
                278.71514892578125,
                1.0
              ],
              "Type": 0,
              "UID": 925348544
            },
            {
              "Active": true,
              "DrawAABB": true,
              "DrawChecker": false,
              "DrawNormalsFaces": false,
              "DrawNormalsVerts": false,
              "DrawOBB": false,
              "DrawWireframe": false,
              "MaterialPath": "Library/Materials/SM_ChairBox/M_ChairBox.toematerial",
              "MeshPath": "Library/Meshes/SM_ChairBox/SM_ChairBox.mesh",
              "MeshType": 0,
              "Name": "Mesh",
              "ParentUID": 1102577664,
              "Type": 2,
              "UID": 2858842020
            },
            {
              "ColliderType": 1,
              "CollisionType": 2,
              "CornerPivot": false,
              "Height": 20.0,
              "Name": "Collider2D",
              "ObjectOrientation": 0,
              "OffsetX": 0.0,
              "OffsetY": 0.0,
              "ParentUID": 1102577664,
              "Radius": 0.5,
              "Type": 5,
              "UID": 4247349265,
              "Width": 20.0
            }
          ],
          "Enabled": true,
          "HasTransparency": false,
          "Keeped": false,
          "Name": "Sm_ChairBox17",
          "ParentUID": 7602275,
          "Static": false,
          "UID": 1102577664
        },
        {
          "Components": [
            {
              "Name": "Transform",
              "Transformation Matrix": [
                0.5204659104347229,
                0.0,
                0.8538825511932373,
                0.0,
                0.0,
                1.0,
                0.0,
                0.0,
                -0.8538825511932373,
                0.0,
                0.5204659104347229,
                0.0,
                32.037567138671875,
                -8.748145774006844e-05,
                294.5321044921875,
                1.0
              ],
              "Type": 0,
              "UID": 1857374735
            },
            {
              "Active": true,
              "DrawAABB": true,
              "DrawChecker": false,
              "DrawNormalsFaces": false,
              "DrawNormalsVerts": false,
              "DrawOBB": false,
              "DrawWireframe": false,
              "MaterialPath": "Library/Materials/SM_ChairBox/M_ChairBox.toematerial",
              "MeshPath": "Library/Meshes/SM_ChairBox/SM_ChairBox.mesh",
              "MeshType": 0,
              "Name": "Mesh",
              "ParentUID": 7602275,
              "Type": 2,
              "UID": 53266961
            },
            {
              "ColliderType": 1,
              "CollisionType": 2,
              "CornerPivot": false,
              "Height": 20.0,
              "Name": "Collider2D",
              "ObjectOrientation": 0,
              "OffsetX": 0.0,
              "OffsetY": 0.0,
              "ParentUID": 7602275,
              "Radius": 0.5,
              "Type": 5,
              "UID": 2939442448,
              "Width": 20.0
            }
          ],
          "Enabled": true,
          "HasTransparency": false,
          "Keeped": false,
          "Name": "Sm_ChairBox16",
          "ParentUID": 7602275,
          "Static": false,
          "UID": 7602275
        },
        {
          "Components": [
            {
              "Name": "Transform",
              "Transformation Matrix": [
                0.9475453495979309,
                0.0,
                -0.31962159276008606,
                0.0,
                0.0,
                1.0,
                0.0,
                0.0,
                0.31962159276008606,
                0.0,
                0.9475453495979309,
                0.0,
                33.2097053527832,
                -8.748145774006844e-05,
                264.9264221191406,
                1.0
              ],
              "Type": 0,
              "UID": 2859451326
            },
            {
              "Active": true,
              "DrawAABB": true,
              "DrawChecker": false,
              "DrawNormalsFaces": false,
              "DrawNormalsVerts": false,
              "DrawOBB": false,
              "DrawWireframe": false,
              "MaterialPath": "Library/Materials/SM_ChairBox/M_ChairBox.toematerial",
              "MeshPath": "Library/Meshes/SM_ChairBox/SM_ChairBox.mesh",
              "MeshType": 0,
              "Name": "Mesh",
              "ParentUID": 7602275,
              "Type": 2,
              "UID": 4207174401
            },
            {
              "ColliderType": 1,
              "CollisionType": 2,
              "CornerPivot": false,
              "Height": 20.0,
              "Name": "Collider2D",
              "ObjectOrientation": 0,
              "OffsetX": 0.0,
              "OffsetY": 0.0,
              "ParentUID": 7602275,
              "Radius": 0.5,
              "Type": 5,
              "UID": 2013503583,
              "Width": 20.0
            }
          ],
          "Enabled": true,
          "HasTransparency": false,
          "Keeped": false,
          "Name": "Sm_ChairBox15",
          "ParentUID": 7602275,
          "Static": false,
          "UID": 7602275
        },
        {
          "Components": [
            {
              "Name": "Transform",
              "Transformation Matrix": [
                -0.9320430159568787,
                -0.13352981209754944,
                0.33684736490249634,
                0.0,
                -0.3551572263240814,
                0.1523672342300415,
                -0.9223057627677917,
                0.0,
                0.07183084636926651,
                -0.9792622327804565,
                -0.18943656980991364,
                0.0,
                77.86607360839844,
                7.239487648010254,
                362.2983093261719,
                1.0
              ],
              "Type": 0,
              "UID": 3592970059
            },
            {
              "Active": true,
              "DrawAABB": true,
              "DrawChecker": false,
              "DrawNormalsFaces": false,
              "DrawNormalsVerts": false,
              "DrawOBB": false,
              "DrawWireframe": false,
              "MaterialPath": "Library/Materials/SM_Table/M_Table.toematerial",
              "MeshPath": "Library/Meshes/SM_Table/SM_Table.mesh",
              "MeshType": 0,
              "Name": "Mesh",
              "ParentUID": 1156579328,
              "Type": 2,
              "UID": 3454692582
            },
            {
              "ColliderType": 1,
              "CollisionType": 2,
              "CornerPivot": false,
              "Height": 20.0,
              "Name": "Collider2D",
              "ObjectOrientation": 0,
              "OffsetX": -10.0,
              "OffsetY": -20.0,
              "ParentUID": 1156579328,
              "Radius": 0.5,
              "Type": 5,
              "UID": 4070368431,
              "Width": 50.0
            }
          ],
          "Enabled": true,
          "HasTransparency": false,
          "Keeped": false,
          "Name": "SM_Table2",
          "ParentUID": 7602275,
          "Static": false,
          "UID": 1156579328
        },
        {
          "Components": [
            {
              "Name": "Transform",
              "Transformation Matrix": [
                0.6596617698669434,
                0.0,
                0.7515627145767212,
                0.0,
                0.0,
                1.0,
                0.0,
                0.0,
                -0.7515627145767212,
                0.0,
                0.6596617698669434,
                0.0,
                69.36833190917969,
                -0.000222300281166099,
                -141.56588745117188,
                1.0
              ],
              "Type": 0,
              "UID": 3164252687
            },
            {
              "Active": true,
              "DrawAABB": true,
              "DrawChecker": false,
              "DrawNormalsFaces": false,
              "DrawNormalsVerts": false,
              "DrawOBB": false,
              "DrawWireframe": false,
              "MaterialPath": "Library/Materials/SM_PotsAndPans/M_PotsAndPans.toematerial",
              "MeshPath": "Library/Meshes/SM_PotsAndPans/SM_PotsAndPans.mesh",
              "MeshType": 0,
              "Name": "Mesh",
              "ParentUID": 1102577664,
              "Type": 2,
              "UID": 1214834752
            }
          ],
          "Enabled": true,
          "HasTransparency": false,
          "Keeped": false,
          "Name": "SM_PotsAndPans2",
          "ParentUID": 7602275,
          "Static": false,
          "UID": 1102577664
        },
        {
          "Components": [
            {
              "Name": "Transform",
              "Transformation Matrix": [
                0.72807377576828,
                0.0,
                -0.6854989528656006,
                0.0,
                0.0,
                1.0,
                0.0,
                0.0,
                0.6854989528656006,
                0.0,
                0.72807377576828,
                0.0,
                -20.928333282470703,
                -0.00021351898612920195,
                135.88238525390625,
                1.0
              ],
              "Type": 0,
              "UID": 3215237444
            },
            {
              "Active": true,
              "DrawAABB": true,
              "DrawChecker": false,
              "DrawNormalsFaces": false,
              "DrawNormalsVerts": false,
              "DrawOBB": false,
              "DrawWireframe": false,
              "MaterialPath": "Library/Materials/SM_PotsAndPans/M_PotsAndPans.toematerial",
              "MeshPath": "Library/Meshes/SM_PotsAndPans/SM_PotsAndPans.mesh",
              "MeshType": 0,
              "Name": "Mesh",
              "ParentUID": 3199119824,
              "Type": 2,
              "UID": 4049648176
            }
          ],
          "Enabled": true,
          "HasTransparency": false,
          "Keeped": false,
          "Name": "SM_PotsAndPans1",
          "ParentUID": 7602275,
          "Static": false,
          "UID": 3199119824
        },
        {
          "Components": [
            {
              "Name": "Transform",
              "Transformation Matrix": [
                1.0,
                0.0,
                0.0,
                0.0,
                0.0,
                1.0,
                0.0,
                0.0,
                0.0,
                0.0,
                1.0,
                0.0,
                55.654144287109375,
                -0.0001220703125,
                182.5359649658203,
                1.0
              ],
              "Type": 0,
              "UID": 4201366726
            },
            {
              "Active": true,
              "DrawAABB": true,
              "DrawChecker": false,
              "DrawNormalsFaces": false,
              "DrawNormalsVerts": false,
              "DrawOBB": false,
              "DrawWireframe": false,
              "MaterialPath": "Library/Materials/SM_CampFire/M_CampFire.toematerial",
              "MeshPath": "Library/Meshes/SM_CampFire/SM_CampFire.mesh",
              "MeshType": 0,
              "Name": "Mesh",
              "ParentUID": 1102577664,
              "Type": 2,
              "UID": 3238100045
            },
            {
              "ColliderType": 0,
              "CollisionType": 2,
              "CornerPivot": true,
              "Height": -1.7976931348623157e+308,
              "Name": "Collider2D",
              "ObjectOrientation": 0,
              "OffsetX": 0.0,
              "OffsetY": 0.0,
              "ParentUID": 1102577664,
              "Radius": 25.0,
              "Type": 5,
              "UID": 386760461,
              "Width": -1.7976931348623157e+308
            }
          ],
          "Enabled": true,
          "HasTransparency": false,
          "Keeped": false,
          "Name": "SM_CampFire2",
          "ParentUID": 7602275,
          "Static": false,
          "UID": 1102577664
        },
        {
          "Components": [
            {
              "Name": "Transform",
              "Transformation Matrix": [
                1.0,
                0.0,
                0.0,
                0.0,
                0.0,
                1.0,
                0.0,
                0.0,
                0.0,
                0.0,
                1.0,
                0.0,
                -14.793146133422852,
                0.0,
                -337.76519775390625,
                1.0
              ],
              "Type": 0,
              "UID": 3452093834
            },
            {
              "Active": true,
              "DrawAABB": true,
              "DrawChecker": false,
              "DrawNormalsFaces": false,
              "DrawNormalsVerts": false,
              "DrawOBB": false,
              "DrawWireframe": false,
              "MaterialPath": "Library/Materials/SM_CampFire/M_CampFire.toematerial",
              "MeshPath": "Library/Meshes/SM_CampFire/SM_CampFire.mesh",
              "MeshType": 0,
              "Name": "Mesh",
              "ParentUID": 1058831393,
              "Type": 2,
              "UID": 1233550882
            },
            {
              "ColliderType": 0,
              "CollisionType": 2,
              "CornerPivot": true,
              "Height": -1.7976931348623157e+308,
              "Name": "Collider2D",
              "ObjectOrientation": 0,
              "OffsetX": 0.0,
              "OffsetY": 0.0,
              "ParentUID": 1058831393,
              "Radius": 25.0,
              "Type": 5,
              "UID": 1472900511,
              "Width": -1.7976931348623157e+308
            }
          ],
          "Enabled": true,
          "HasTransparency": false,
          "Keeped": false,
          "Name": "SM_CampFire1",
          "ParentUID": 7602275,
          "Static": false,
          "UID": 1058831393
        },
        {
          "Components": [
            {
              "Name": "Transform",
              "Transformation Matrix": [
                0.318191796541214,
                0.0,
                -0.9480263590812683,
                0.0,
                0.0,
                1.0,
                0.0,
                0.0,
                0.9480263590812683,
                0.0,
                0.318191796541214,
                0.0,
                121.02684020996094,
                0.0,
                -323.7134094238281,
                1.0
              ],
              "Type": 0,
              "UID": 85749503
            },
            {
              "Active": true,
              "DrawAABB": true,
              "DrawChecker": false,
              "DrawNormalsFaces": false,
              "DrawNormalsVerts": false,
              "DrawOBB": false,
              "DrawWireframe": false,
              "MaterialPath": "Library/Materials/SM_SleepingBag/M_SleepingBag.toematerial",
              "MeshPath": "Library/Meshes/SM_SleepingBag/SM_SleepingBag.mesh",
              "MeshType": 0,
              "Name": "Mesh",
              "ParentUID": 7602275,
              "Type": 2,
              "UID": 3034091244
            }
          ],
          "Enabled": true,
          "HasTransparency": false,
          "Keeped": false,
          "Name": "SM_SleepingBag11",
          "ParentUID": 7602275,
          "Static": false,
          "UID": 7602275
        },
        {
          "Components": [
            {
              "Name": "Transform",
              "Transformation Matrix": [
                0.9891390800476074,
                0.0,
                -0.1469828337430954,
                0.0,
                0.0,
                1.0,
                0.0,
                0.0,
                0.1469828337430954,
                0.0,
                0.9891390800476074,
                0.0,
                238.3766326904297,
                0.0,
                -188.25772094726563,
                1.0
              ],
              "Type": 0,
              "UID": 2540670754
            },
            {
              "Active": true,
              "DrawAABB": true,
              "DrawChecker": false,
              "DrawNormalsFaces": false,
              "DrawNormalsVerts": false,
              "DrawOBB": false,
              "DrawWireframe": false,
              "MaterialPath": "Library/Materials/SM_SleepingBag/M_SleepingBag.toematerial",
              "MeshPath": "Library/Meshes/SM_SleepingBag/SM_SleepingBag.mesh",
              "MeshType": 0,
              "Name": "Mesh",
              "ParentUID": 1156579328,
              "Type": 2,
              "UID": 2906519106
            }
          ],
          "Enabled": true,
          "HasTransparency": false,
          "Keeped": false,
          "Name": "SM_SleepingBag10",
          "ParentUID": 7602275,
          "Static": false,
          "UID": 1156579328
        },
        {
          "Components": [
            {
              "Name": "Transform",
              "Transformation Matrix": [
                0.998724639415741,
                0.0,
                -0.05048995465040207,
                0.0,
                0.0,
                1.0,
                0.0,
                0.0,
                0.05048995465040207,
                0.0,
                0.998724639415741,
                0.0,
                -60.88886260986328,
                0.0,
                277.2033386230469,
                1.0
              ],
              "Type": 0,
              "UID": 2571528037
            },
            {
              "Active": true,
              "DrawAABB": true,
              "DrawChecker": false,
              "DrawNormalsFaces": false,
              "DrawNormalsVerts": false,
              "DrawOBB": false,
              "DrawWireframe": false,
              "MaterialPath": "Library/Materials/SM_SleepingBag/M_SleepingBag.toematerial",
              "MeshPath": "Library/Meshes/SM_SleepingBag/SM_SleepingBag.mesh",
              "MeshType": 0,
              "Name": "Mesh",
              "ParentUID": 7602275,
              "Type": 2,
              "UID": 2136054179
            }
          ],
          "Enabled": true,
          "HasTransparency": false,
          "Keeped": false,
          "Name": "SM_SleepingBag9",
          "ParentUID": 7602275,
          "Static": false,
          "UID": 7602275
        },
        {
          "Components": [
            {
              "Name": "Transform",
              "Transformation Matrix": [
                0.03651554882526398,
                0.0,
                -0.999333381652832,
                0.0,
                0.0,
                1.0,
                0.0,
                0.0,
                0.999333381652832,
                0.0,
                0.03651554882526398,
                0.0,
                -6.991168975830078,
                0.00012808872270397842,
                225.9976806640625,
                1.0
              ],
              "Type": 0,
              "UID": 2560238929
            },
            {
              "Active": true,
              "DrawAABB": true,
              "DrawChecker": false,
              "DrawNormalsFaces": false,
              "DrawNormalsVerts": false,
              "DrawOBB": false,
              "DrawWireframe": false,
              "MaterialPath": "Library/Materials/SM_SleepingBag/M_SleepingBag.toematerial",
              "MeshPath": "Library/Meshes/SM_SleepingBag/SM_SleepingBag.mesh",
              "MeshType": 0,
              "Name": "Mesh",
              "ParentUID": 1102577664,
              "Type": 2,
              "UID": 1064601095
            }
          ],
          "Enabled": true,
